0 55
0 65
0 88
0 97
1 13
1 29
1 36
1 39
1 68
1 80
1 99
2 12
2 60
2 77
2 87
3 15
3 49
3 83
4 34
4 60
4 99
5 13
5 68
5 99
6 12
6 25
6 27
6 35
6 53
6 56
6 60
6 77
6 81
6 85
6 86
6 97
6 99
7 20
7 23
7 61
7 67
7 89
8 11
8 14
8 17
8 26
8 28
8 38
8 44
8 45
8 65
8 66
8 88
8 90
8 97
8 99
9 57
9 74
9 93
10 34
10 51
10 92
10 99
11 88
11 97
12 19
12 27
12 42
12 53
12 60
12 77
12 86
12 87
12 97
13 68
13 99
14 66
14 97
15 49
15 83
15 89
16 23
16 59
16 61
16 78
16 89
17 37
17 38
17 44
17 66
17 71
17 73
17 97
17 99
18 21
18 34
18 51
18 58
18 75
18 84
18 94
18 98
18 99
19 42
19 97
20 23
20 89
21 51
21 75
22 24
22 32
22 41
22 64
22 69
22 81
22 97
23 61
23 89
24 41
24 54
24 64
24 69
24 79
24 81
25 81
25 97
26 28
26 33
26 34
26 57
26 74
26 76
26 93
26 95
26 96
26 97
26 99
27 53
28 97
29 36
29 63
29 68
29 80
29 82
29 97
29 99
30 61
30 89
30 90
31 48
31 61
31 89
32 64
32 81
33 57
33 74
33 95
33 99
34 51
34 52
34 57
34 58
34 60
34 75
34 76
34 84
34 92
34 96
34 97
34 99
35 81
35 85
35 97
36 39
36 41
36 63
36 80
36 81
36 82
36 97
36 99
37 66
37 71
37 97
38 66
39 99
40 50
40 65
40 91
41 69
41 81
41 97
42 60
42 97
43 50
43 65
43 91
44 66
45 65
45 90
46 92
46 97
46 99
47 50
47 90
47 91
48 61
48 89
48 90
49 72
49 83
49 89
50 65
50 83
50 90
50 91
51 52
51 75
51 94
51 99
52 99
53 97
54 64
54 79
55 65
55 97
56 85
56 97
57 74
57 93
57 99
58 98
58 99
59 61
59 78
60 77
60 86
60 87
60 97
60 99
61 67
61 78
61 89
61 90
62 65
62 88
62 90
63 97
64 79
64 81
65 66
65 72
65 83
65 88
65 89
65 90
65 91
65 97
66 71
66 73
66 97
67 89
68 99
70 72
70 83
70 89
71 73
72 83
72 89
74 93
75 94
76 97
78 83
78 89
78 90
79 81
81 97
81 99
82 97
83 89
83 90
84 99
85 97
88 89
88 90
88 97
89 90
90 91
92 97
92 99
95 99
96 97
97 99
98 99
